0 1
1 4
4 81
81 125
125 138
138 149
0 2
2 15
15 16
16 49
49 92
92 106
106 116
116 143
143 187
187 193
0 3
3 25
25 29
29 52
52 110
110 131
0 5
0 6
6 68
68 167
167 177
0 7
7 17
17 26
26 47
47 84
84 97
97 120
120 130
130 140
140 189
0 8
8 13
13 24
24 67
67 121
121 145
145 164
164 170
170 182
182 194
24 186
0 9
9 20
20 57
57 112
112 180
0 10
10 18
18 32
32 55
55 58
58 63
63 137
137 173
0 11
11 30
30 82
82 99
99 102
102 114
114 129
129 147
147 150
150 153
153 165
165 191
0 12
12 23
23 53
53 66
66 91
91 105
105 113
113 199
0 14
14 40
0 19
19 28
28 38
38 42
42 54
54 61
61 83
83 111
111 155
0 21
21 45
45 60
60 62
62 89
89 126
126 157
157 160
160 172
172 197
0 22
22 36
36 39
39 48
48 70
70 87
87 104
104 146
146 151
151 154
154 159
159 185
0 27
27 56
56 115
115 122
122 161
161 184
0 31
31 33
33 135
135 148
0 34
34 71
71 152
152 158
158 166
0 35
0 37
37 141
141 190
0 43
43 72
72 74
74 108
108 118
118 156
156 163
163 181
0 44
44 73
73 86
86 90
90 94
94 96
96 132
0 46
46 85
85 103
103 174
174 188
188 196
196 198
198 200
0 50
50 59
59 76
76 95
95 123
0 51
51 109
109 136
136 162
0 64
64 65
65 119
119 168
168 192
192 195
0 69
0 75
75 77
77 80
80 134
134 169
169 179
0 78
78 100
100 117
117 133
133 142
142 171
171 178
178 183
0 79
79 107
0 88
88 101
101 124
124 144
144 176
0 93
93 98
98 139
0 175
